(base) oumuamua@oumuamua:~/Desktop/par/lb3$ bash ./lb3_run.sh 
Result: 0 1 2 3 4 5 
(main) 	  Time 99.157 micro-seconds
Result: 0 2 6 12 20 30 42 
(main) 	  Time 109.517 micro-seconds
Result: 0 6 24 60 120 210 336 504 
(main) 	  Time 107.112 micro-seconds
Result: 0 24 120 360 840 1680 3024 5040 7920 
(main) 	  Time 105.268 micro-seconds
Result: 0 120 720 2520 6720 15120 30240 55440 95040 154440 
(main) 	  Time 12279.3 micro-seconds
Result: 0 720 5040 20160 60480 151200 332640 665280 1.23552e+06 2.16216e+06 3.6036e+06 
(main) 	  Time 129.524 micro-seconds
Result: 0 5040 40320 181440 604800 1.6632e+06 3.99168e+06 8.64864e+06 1.72973e+07 3.24324e+07 5.76576e+07 9.80179e+07 
(main) 	  Time 178.536 micro-seconds
Result: 0 40320 362880 1.8144e+06 6.6528e+06 1.99584e+07 5.18918e+07 1.21081e+08 2.59459e+08 5.18918e+08 9.80179e+08 1.76432e+09 3.04747e+09 
(main) 	  Time 115.899 micro-seconds
Result: 0 362880 3.6288e+06 1.99584e+07 7.98336e+07 2.59459e+08 7.26486e+08 1.81621e+09 4.15135e+09 8.82161e+09 1.76432e+10 3.35221e+10 6.09493e+10 1.06661e+11 
(main) 	  Time 189.478 micro-seconds
Result: 0 3.6288e+06 3.99168e+07 2.39501e+08 1.03784e+09 3.63243e+09 1.08973e+10 2.90594e+10 7.05729e+10 1.58789e+11 3.35221e+11 6.70443e+11 1.27994e+12 2.34655e+12 4.15159e+12 
(main) 	  Time 160.894 micro-seconds
Result: 0 3.99168e+07 4.79002e+08 3.11351e+09 1.45297e+10 5.44864e+10 1.74357e+11 4.9401e+11 1.27031e+12 3.01699e+12 6.70443e+12 1.40793e+13 2.81586e+13 5.39706e+13 9.96381e+13 1.77925e+14 
(main) 	  Time 177.234 micro-seconds
Result: 0 4.79002e+08 6.22702e+09 4.35891e+10 2.17946e+11 8.71783e+11 2.96406e+12 8.89219e+12 2.41359e+13 6.03398e+13 1.40793e+14 3.09744e+14 6.47648e+14 1.2953e+15 2.49095e+15 4.62605e+15 8.3269e+15 
(main) 	  Time 176.432 micro-seconds
Result: 0 6.22702e+09 8.71783e+10 6.53837e+11 3.48713e+12 1.48203e+13 5.33531e+13 1.68952e+14 4.82719e+14 1.26714e+15 3.09744e+15 7.12412e+15 1.55435e+16 3.23824e+16 6.47648e+16 1.24903e+17 2.33153e+17 4.2259e+17 
(main) 	  Time 282.682 micro-seconds
Result: 0 8.71783e+10 1.30767e+12 1.04614e+13 5.92812e+13 2.66766e+14 1.01371e+15 3.37903e+15 1.01371e+16 2.7877e+16 7.12412e+16 1.70979e+17 3.88589e+17 8.41942e+17 1.74865e+18 3.4973e+18 6.76144e+18 1.26777e+19 2.31182e+19 
(main) 	  Time 291.69 micro-seconds
Result: 0 1.30767e+12 2.09228e+13 1.77844e+14 1.06706e+15 5.06855e+15 2.02742e+16 7.09596e+16 2.23016e+17 6.41171e+17 1.70979e+18 4.27447e+18 1.01033e+19 2.27324e+19 4.89622e+19 1.01422e+20 2.02843e+20 3.93009e+20 7.39781e+20 1.35627e+21 
(main) 	  Time 238.77 micro-seconds
Result: 0 2.09228e+13 3.55687e+14 3.20119e+15 2.02742e+16 1.01371e+17 4.25758e+17 1.56111e+18 5.12937e+18 1.53881e+19 4.27447e+19 1.11136e+20 2.72789e+20 6.36508e+20 1.4199e+21 3.04265e+21 6.28814e+21 1.25763e+22 2.44128e+22 4.6113e+22 8.4945e+22 
(main) 	  Time 310.516 micro-seconds
Result: 0 3.55687e+14 6.40237e+15 6.08226e+16 4.05484e+17 2.12879e+18 9.36667e+18 3.59056e+19 1.23105e+20 3.84703e+20 1.11136e+21 3.00068e+21 7.6381e+21 1.84587e+22 4.25971e+22 9.43221e+22 2.0122e+23 4.15017e+23 8.30034e+23 1.61396e+24 3.05802e+24 5.65734e+24 
(main) 	  Time 197.482 micro-seconds
Result: 0 6.40237e+15 1.21645e+17 1.21645e+18 8.51516e+18 4.68334e+19 2.15433e+20 8.61734e+20 3.07762e+21 1.00023e+22 3.00068e+22 8.40191e+22 2.21505e+23 5.53762e+23 1.32051e+24 3.01831e+24 6.64028e+24 1.41106e+25 2.90512e+25 5.81024e+25 1.13147e+26 2.14979e+26 3.99247e+26 
(main) 	  Time 397.98 micro-seconds
Result: 0 1.21645e+17 2.4329e+18 2.55455e+19 1.87333e+20 1.07717e+21 5.1704e+21 2.15433e+22 8.00181e+22 2.70061e+23 8.40191e+23 2.43655e+24 6.64514e+24 1.71666e+25 4.22563e+25 9.96041e+25 2.25769e+26 4.9387e+26 1.04584e+27 2.14979e+27 4.29958e+27 8.38418e+27 1.59699e+28 2.9762e+28 
(main) 	  Time 748.621 micro-seconds
Result: 0 2.4329e+18 5.10909e+19 5.62e+20 4.30867e+21 2.5852e+22 1.2926e+23 5.60127e+23 2.16049e+24 7.56171e+24 2.43655e+25 7.30966e+25 2.05999e+26 5.49332e+26 1.39446e+27 3.38654e+27 7.90193e+27 1.77793e+28 3.86962e+28 8.1692e+28 1.67684e+29 3.35367e+29 6.54764e+29 1.25e+30 2.33697e+30 
(main) 	  Time 430.771 micro-seconds
Result: 0 5.10909e+19 1.124e+21 1.2926e+22 1.03408e+23 6.463e+23 3.36076e+24 1.51234e+25 6.04937e+25 2.1929e+26 7.30966e+26 2.26599e+27 6.59198e+27 1.8128e+28 4.74116e+28 1.18529e+29 2.84469e+29 6.57835e+29 1.47046e+30 3.18599e+30 6.70734e+30 1.37501e+31 2.75001e+31 5.37502e+31 1.02826e+32 1.928e+32 
(main) 	  Time 389.394 micro-seconds
Result: 0 1.124e+21 2.5852e+22 3.10224e+23 2.5852e+24 1.68038e+25 9.07406e+25 4.23456e+26 1.75432e+27 6.57869e+27 2.26599e+28 7.25118e+28 2.17535e+29 6.1635e+29 1.6594e+30 4.26704e+30 1.05254e+31 2.49977e+31 5.73478e+31 1.27439e+32 2.75001e+32 5.77502e+32 1.1825e+33 2.36501e+33 4.62719e+33 8.86878e+33 1.66733e+34 
(main) 	  Time 695.751 micro-seconds
Result: 0 2.5852e+22 6.20448e+23 7.75561e+24 6.72152e+25 4.53703e+26 2.54074e+27 1.22802e+28 5.26295e+28 2.03939e+29 7.25118e+29 2.39289e+30 7.3962e+30 2.15723e+31 5.97386e+31 1.57881e+32 3.99964e+32 9.74912e+32 2.29391e+33 5.22502e+33 1.155e+34 2.48326e+34 5.20302e+34 1.06425e+35 2.12851e+35 4.16833e+35 8.00319e+35 1.50829e+36 
(main) 	  Time 711.05 micro-seconds
Result: 0 6.20448e+23 1.55112e+25 2.01646e+26 1.81481e+27 1.27037e+28 7.36813e+28 3.68407e+29 1.63152e+30 6.52606e+30 2.39289e+31 8.13582e+31 2.58867e+32 7.76601e+32 2.21033e+33 5.99946e+33 1.55986e+34 3.89965e+34 9.40503e+34 2.19451e+35 4.96652e+35 1.09263e+36 2.34136e+36 4.89557e+36 1.0004e+37 2.0008e+37 3.92156e+37 7.54147e+37 1.4245e+38 
(main) 	  Time 462.522 micro-seconds
Result: 0 1.55112e+25 4.03291e+26 5.44443e+27 5.08147e+28 3.68407e+29 2.21044e+30 1.14206e+31 5.22085e+31 2.1536e+32 8.13582e+32 2.84754e+33 9.31922e+33 2.87343e+34 8.39924e+34 2.33979e+35 6.23944e+35 1.59886e+36 3.95011e+36 9.43638e+36 2.18527e+37 4.91685e+37 1.07702e+38 2.30092e+38 4.80191e+38 9.80391e+38 1.96078e+39 3.84615e+39 7.4074e+39 1.40211e+40 
(main) 	  Time 849.892 micro-seconds
Result: 0 4.03291e+26 1.08889e+28 1.52444e+29 1.47363e+30 1.10522e+31 6.85237e+31 3.65459e+32 1.72288e+33 7.32224e+33 2.84754e+34 1.02511e+35 3.44811e+35 1.0919e+36 3.2757e+36 9.35916e+36 2.55817e+37 6.71519e+37 1.69855e+38 4.15201e+38 9.83371e+38 2.26175e+39 5.06202e+39 1.10444e+40 2.35294e+40 4.90195e+40 9.99999e+40 2e+41 3.92592e+41 7.57142e+41 1.43596e+42 
(main) 	  Time 398.1 micro-seconds
Result: 0 1.08889e+28 3.04888e+29 4.42088e+30 4.42088e+31 3.42618e+32 2.19276e+33 1.20602e+34 5.85779e+34 2.56278e+35 1.02511e+36 3.79292e+36 1.31028e+37 4.25842e+37 1.31028e+38 3.83725e+38 1.07443e+39 2.88753e+39 7.47362e+39 1.8684e+40 4.5235e+40 1.06302e+41 2.42977e+41 5.41176e+41 1.17647e+42 2.5e+42 5.19999e+42 1.06e+43 2.12e+43 4.16428e+43 8.04137e+43 1.52786e+44 
(main) 	  Time 555.978 micro-seconds
Result: 0 3.04888e+29 8.84176e+30 1.32626e+32 1.37047e+33 1.09638e+34 7.2361e+34 4.10046e+35 2.05023e+36 9.22602e+36 3.79292e+37 1.44131e+38 5.1101e+38 1.70337e+39 5.37216e+39 1.61165e+40 4.62005e+40 1.27051e+41 3.36313e+41 8.59466e+41 2.12605e+42 5.10251e+42 1.19059e+43 2.70588e+43 5.99999e+43 1.3e+44 2.756e+44 5.72399e+44 1.166e+45 2.332e+45 4.58358e+45 8.86159e+45 1.68656e+46 
(main) 	  Time 690.852 micro-seconds
Result: 0 8.84176e+30 2.65253e+32 4.11142e+33 4.38551e+34 3.61805e+35 2.46027e+36 1.43516e+37 7.38082e+37 3.41363e+38 1.44131e+39 5.62111e+39 2.04404e+40 6.9838e+40 2.25631e+41 6.93008e+41 2.03282e+42 5.71732e+42 1.54704e+43 4.03949e+43 1.0205e+44 2.50023e+44 5.95293e+44 1.38e+45 3.12e+45 6.88999e+45 1.48824e+46 3.1482e+46 6.52959e+46 1.32924e+47 2.65848e+47 5.22834e+47 1.01194e+48 1.929e+48 
(main) 	  Time 542.642 micro-seconds
Result: 0 2.65253e+32 8.22284e+33 1.31565e+35 1.44722e+36 1.23014e+37 8.61096e+37 5.16657e+38 2.7309e+39 1.29718e+40 5.62111e+40 2.24844e+41 8.38056e+41 2.9332e+42 9.70211e+42 3.04924e+43 9.14771e+43 2.62997e+44 7.27108e+44 1.93896e+45 5.00046e+45 1.25012e+46 3.036e+46 7.17599e+46 1.6536e+47 3.72059e+47 8.18531e+47 1.76299e+48 3.72187e+48 7.70958e+48 1.5685e+49 3.137e+49 6.17281e+49 1.19598e+50 2.28324e+50 
(main) 	  Time 775.711 micro-seconds
Result: 0 8.22284e+33 2.63131e+35 4.34166e+36 4.92055e+37 4.30548e+38 3.09994e+39 1.91163e+40 1.03774e+41 5.059e+41 2.24844e+42 9.21862e+42 3.51984e+43 1.26127e+44 4.26893e+44 1.37216e+45 4.20795e+45 1.23608e+46 3.49012e+46 9.50088e+46 2.50023e+47 6.37559e+47 1.57872e+48 3.80327e+48 8.92943e+48 2.04633e+49 4.58377e+49 1.0049e+50 2.15868e+50 4.54865e+50 9.41101e+50 1.91357e+51 3.82714e+51 7.53469e+51 1.46127e+52 2.79361e+52 
(main) 	  Time 925.534 micro-seconds
Result: 0 2.63131e+35 8.68332e+36 1.47616e+38 1.72219e+39 1.54997e+40 1.14698e+41 7.2642e+41 4.0472e+42 2.0236e+43 9.21862e+43 3.87182e+44 1.51353e+45 5.54961e+45 1.92102e+46 6.31192e+46 1.97773e+47 5.9332e+47 1.71016e+48 4.75044e+48 1.27512e+49 3.31531e+49 8.3672e+49 2.05377e+50 4.91118e+50 1.14594e+51 2.61275e+51 5.82844e+51 1.27362e+52 2.72919e+52 5.74071e+52 1.18641e+53 2.4111e+53 4.8222e+53 9.49827e+53 1.84378e+54 3.52953e+54 
(main) 	  Time 456.83 micro-seconds
